INDEX
LOCORUM NOVI FOEDERIS

 

QUAE
Matthaei. 19 14 p. 980 ad Romanos.
5 19 p. 168 ι 21 8 361 - 4 11 626
38 ‘238 Ι 19 87 ’5 ’7 566
10 31 857 ‘23 42 5⁷2 11 8 225
1 1 1 9 361 24 47 653 1 ad Corinth.
12 99 629 Ioannis. 3 5. 6 395
3⁶2 330 6 21 616 4 6 44
13 38 649 7 17 ibitl. 7 35 825
44 897 8 7 335 10 16 649
16 25 940 99 2¹90 14 26 564
⁶21 ι21 174 44 616 16 15 651
92 2 864 1 1 13 629 Ξ ad Corinth.
‘23 38 293 1⁰2 25 87 1 ⁶2⁰2 6‘29
24 30 699 11 10 891 5 5 ibid.
275 ⁶27 630 16 13 ibid. 10 '7 890
Marci. · Ql ult. 818 12 7 225
3 4 240 Act. Apost. 1, ad Timoth-
4 40 304 4 532 629 4 8 330
5 20 901 5μ 8 715 ad Philemon.
8 ⁶21 304 7 26 864 1 021 310
Lucae. ἓ 58 334 ad Hebraeos.
2 49 :392 ¹ 10 38 990 6 5 814
4 33 629 ' 17 11 ΙῙ.190 9 1 53
5 35 920 ,v 14 899 10 59 240
8 39 201 Ι 19 2 346 11 3 280
9 24 240 22 23 864 Secunda Petri.
49 92 27 715 3 6 329
1 1 41 394 24 ⁶27 84 Prima Ioannis.
12 7 857 95 3 295 1 6 174
57 890 5 658 871 2 4 ibid.
13 35 ⁶293 11 210 Apocalypseos.

18 11 864 26 25 670 14 13 92

