7478

 

Reisk. Tayl. '¹ Reisk. Tayl. Reisk. Tayl. Reisk. Tayl.
817 455 1 845 474 1 874 489 1 901 510 1
8 456 5 6 10 5 8 2 9
9 pen. '7 475 1 7 490 5 3 511 1
820 45⁷ 9 8 ν 8 8 pen. 4 512 1
1 458 2 9 1 1 9 49 1 4 5 513 4
2 459 Ξ 850 476 7 880 unt. 6 pen.
3 10 1 477 6 1 492 7 7 514 ult.
4.· 460 7 2 12 Ξ 493 6 8 515 7
5 11 4 478 '7 3 494 8 9 516 8
6 461 3 5 47 9 8 4 497 1 910 517 6
'7 462 3 8 ult. 5 ult. 1 518 1
8 463 2 860 480 8 6 498 10 2 519 5
9 464 13 1 481 3 7 499 6 3 1 2
830 465 5 Ξ 1 1 8 ult. 4 520 7
1 ult. 3 482 8 9 500 12 6 521 10
2 466 1 1 4 483 7 890 501 9 7 583 1
3 467 1 2 5 484 4 1 14· 8 524 7
4 468 1 6 1 1 2 504 1 9 11
5 469 1 7 485 7 3 3 920 525 1
6 470 1 8 486 2 4 505 5 1 13
7 6 9 487 1 5 506 10 2 526 4
9 47 1 3 870 488 5 6 pen. 3 ult.
840 pen. 1 pen '7 507 ο 4 597 1 1
2 4‘7‘2 11 ἓ 487* 7 8 508 4
4 473 9 3 488* 4 899 509 6
FINI S.

 

Loudini ε imprimebat J. F. Dovn in area quae est Divi J oannis.

