Reisk. Tayl.

277
8

m
ἐξ

δέ
ΟΌΟΟἺῢῖιίὶωὶθϊ-Ᾰὲῐοωῆοδῦῖᾧὺῧὶθμ <0

8

Ξ

Q

ω
<ab

, v ω
10*oe§10132000qmotqmaendQquonozspoeovooeqmuupthfflmoequrspQstQm

141

142

144
145

146
147
148
149

151
152

153

154·

155
156

167
168
169
170
172

173
174

-ο
Φ
a?

-ξ -ο
Φ
”mo-*0³35*

&ubl-0042.

Ξ.

ὺῢαΦῷὶΘν-ἱῦῦιρῦῦῧῡῠῸυτ.

1
5
9
5
’.12
3

11

'²3

o
11

1
10
2

11.’

5

pen.

3

μ

10

esp»

..n

μ

..ι

-776

Reisk. Tayh Reisk. Tayl.
’ = 359ῗ 174 10 418v 210 10
.1· 175 8 9 , 1 3
3 pen 420 11
4 176 3 1 2 1
5 8 2 11
6 177 6 3 3 Α 12
'7 ult 4 4 1
9 178 2 5 8
360 179 2 6 pen.
1 ult. '7 5 11
3 180 2 8 6 9
4 7 9 7 7
5 pen. 430 ult.
6 181 1 1 8 12
7 7 2 9 13
8 ult. 3 220 5
9 182 13 4 pen.
370 183 2 5 2 3
1 8 6 3 4
2 13 7 11
3 184 1 8 4 4
4 5 440 11
5 186 2 1 5 4
6 4 2 6 6
7 187 7 3 7 1
8 13 4 8
9 17 5 8 pen
380 188 6 6 9
1 189 1 7 231
2 190 1 8 2
3 5 9 3
4 191 1 450 1
5 192 3 · 1 4
6 8 2 5
7 pen. 3 6
8 193 6 4 7
9 10 5 1
390 194 4 6 8
2 9 7 9
3 195 6 8
4 196 6 9 240
5 197 4 460 1
6 198 3 1 1
7 ult. 2 2
8 199 13 3
9 200 ult. 4 3
400 1 3 5 1
2 2 2 6 4
3 5 7 pen.
4 13 8 5 ,13
5 3 5 9 6 3
6 4 1 470 7 3
7 10 1 8 4
8 5 4 2 13
9 8 3 9 2
410 12 4 11
1 6 6 5 250 1
2 7„ 3 6 5
3 9 7 251 . 1
4 8 3 8 ult.
5 pen. 9 2 1
6 9 7 ‚480 12
7 210 1 1 3 5

Reisk. Tayl.

482

ΦΌΟΘἺΦῦῖρΟῠὶΘΗὲὍΟῧἺΟἋΩΗρΟ

0³
0

ΕΓ
μ

<ax
emoemeQQQagmoeawmmae»omoeqamspmm»

ὑὶ
ω

. Q Α
αὕτᾼῦἒὶθῗιῐεωῆῦᾶὒϊῷωὶθμ

253-

4

· ,5,

ΌΦἿΟἋ

260

tat-h ω σει-κ

ἺΟἎ

ὈΦἺ 020⁵(

280

ᾼωὶΘμΘΌΟὓ

*1 05 Οἵ ιῘ-ιω

pen.
4
12

*5059*

momumauoemoedussoeqaw.

μ

ult.

ΟῖΌῦῠὲθῧῦθ-ίσδμσδῑθίθωωὶθ

